image_width: 640
image_height: 480
camera_name: camera_calibration
camera_matrix:
  rows: 3
  cols: 3
  data: [616.34869,   0.     , 326.68472,
           0.     , 618.16208, 254.11559,
           0.     ,   0.     ,   1.     ]
distortion_model: plumb_bob
distortion_coefficients:
  rows: 1
  cols: 5
  data: [0.337176, -1.067842, 0.004335, 0.006408, 1.115977]
rectification_matrix:
  rows: 3
  cols: 3
  data: [1., 0., 0.,
         0., 1., 0.,
         0., 0., 1.]
projection_matrix:
  rows: 3
  cols: 4
  data: [638.51648,   0.     , 329.57599,   0.     ,
           0.     , 642.03674, 255.28967,   0.     ,
           0.     ,   0.     ,   1.     ,   0.     ]
